#Title: The Algol System SZ Herculis: Physical Nature and Orbital Behavior 
#Authors: Lee J.W., Lee C.-U., Kim S.-L., Kim H.-I., Park J.-H. 
#Table: CCD Photometric Observations of SZ Her
#================================================================================
#Byte-by-byte Description of file: aj413575t2_mrt.txt
#--------------------------------------------------------------------------------
#   Bytes Format Units Label    Explanations
#--------------------------------------------------------------------------------
#   1- 13 F13.5  d     HJD-B    ? B band Heliocentric Julian Date observations
#  15- 20 F6.3   mag   DelBmag  ? Differential B band magnitude
#  22- 34 F13.5  d     HJD-V    ? V band Heliocentric Julian Date observations
#  36- 41 F6.3   mag   DelVmag  ? Differential V band magnitude
#  43- 55 F13.5  d     HJD-R    R band Heliocentric Julian Date observations
#  57- 62 F6.3   mag   DelRmag  Differential R band magnitude
#  64- 76 F13.5  d     HJD-I    ? I band Heliocentric Julian Date observations
#  78- 83 F6.3   mag   DelImag  ? Differential I band magnitude
#--------------------------------------------------------------------------------
2454525.24638 -0.389 2454525.24769  0.183 2454525.24881  0.519 2454525.25950  0.756
2454525.25125 -0.428 2454525.25268  0.152 2454525.25380  0.504 2454525.26414  0.759
2454525.25615 -0.456 2454525.25753  0.128 2454525.25859  0.478 2454525.26878  0.754
2454525.26079 -0.469 2454525.26217  0.117 2454525.26323  0.473 2454525.27343  0.742
2454525.26543 -0.469 2454525.26681  0.120 2454525.26787  0.457 2454525.27795  0.743
2454525.27007 -0.468 2454525.27145  0.117 2454525.27251  0.457 2454525.28251  0.748
2454525.27472 -0.479 2454525.27606  0.101 2454525.27705  0.445 2454525.28704  0.753
2454525.27926 -0.488 2454525.28061  0.111 2454525.28160  0.449 2454525.29158  0.741
2454525.28381 -0.486 2454525.28516  0.103 2454525.28615  0.456 2454525.29601  0.751
2454525.28835 -0.498 2454525.28970  0.100 2454525.29069  0.448 2454525.30726  0.741
2454525.29283 -0.503 2454525.29412  0.098 2454525.29511  0.446 2454525.31133  0.737
2454525.29726 -0.509 2454525.29855  0.090 2454525.29956  0.435 2454525.31562  0.730
2454525.30164 -0.512 2454525.30323  0.087 2454525.30625  0.425 2454525.31941  0.723
2454525.30841 -0.522 2454525.30953  0.087 2454525.31046  0.433 2454525.32319  0.724
2454525.31281 -0.518 2454525.31388  0.083 2454525.31479  0.430 2454525.32698  0.724
2454525.31666 -0.520 2454525.31769  0.075 2454525.31857  0.423 2454525.33077  0.706
2454525.32045 -0.524 2454525.32148  0.078 2454525.32236  0.418 2454525.33456  0.716
2454525.32423 -0.527 2454525.32526  0.070 2454525.32614  0.418 2454525.33834  0.710
2454525.32802 -0.524 2454525.32906  0.068 2454525.32994  0.420 2454525.34214  0.707
2454525.33181 -0.527 2454525.33284  0.081 2454525.33372  0.416 2454525.34604  0.704
2454525.33560 -0.524 2454525.33663  0.060 2454525.33751  0.411 2454525.34994  0.695
2454525.33938 -0.515 2454525.34041  0.071 2454525.34131  0.410 2454525.35384  0.692
2454525.34324 -0.531 2454525.34433  0.068 2454525.34521  0.407 2454525.35775  0.697
2454525.34714 -0.529 2454525.34823  0.061 2454525.34911  0.412 2454525.36602  0.704
2454525.35104 -0.529 2454525.35213  0.060 2454525.35301  0.404 2454525.37014  0.702
2454525.35495 -0.531 2454525.35604  0.059 2454525.35692  0.396 2454525.37426  0.700
2454525.35885 -0.529 2454525.36000  0.058 2454525.36097  0.404 2454527.22366  1.016
2454525.36301 -0.535 2454525.36415  0.061 2454525.36514  0.401 2454527.22481  1.024
2454525.36714 -0.534 2454525.36829  0.059 2454525.36926  0.394 2454527.22960  1.005
2454525.37126 -0.540 2454525.37241  0.056 2454525.37338  0.397 2454527.24010  0.951
2454527.22832 -0.360 2454527.22697  0.280 2454527.23065  0.661 2454527.25039  0.912
2454527.23346 -0.360 2454527.23191  0.286 2454527.23593  0.650 2454527.25518  0.878
2454527.23869 -0.353 2454527.23714  0.246 2454527.24110  0.610 2454527.26022  0.861
2454527.24391 -0.365 2454527.24233  0.232 2454527.25132  0.570 2454527.26562  0.846
2454527.24918 -0.392 2454527.24780  0.224 2454527.25611  0.556 2454545.27746  0.783
2454527.25392 -0.408 2454527.25247  0.201 2454527.26118  0.530 2454545.28175  0.755
2454527.25881 -0.410 2454527.25726  0.195 2454527.26658  0.521 2454545.28550  0.763
2454527.26413 -0.426 2454527.26242  0.180 2454545.27224  0.471 2454545.28925  0.739
2454545.27011 -0.475 2454545.27126  0.132 2454545.27661  0.472 2454545.29301  0.747
2454545.27466 -0.489 2454545.27571  0.123 2454545.28092  0.468 2454545.29676  0.721
2454545.27903 -0.488 2454545.28003  0.118 2454545.28466  0.445 2454545.30051  0.718
2454545.28276 -0.499 2454545.28377  0.112 2454545.28841  0.448 2454545.30428  0.714
2454545.28652 -0.508 2454545.28752  0.099 2454545.29217  0.441 2454545.30803  0.722
2454545.29028 -0.514 2454545.29128  0.093 2454545.29592  0.421 2454545.31179  0.707
2454545.29403 -0.516 2454545.29503  0.086 2454545.29967  0.416 2454545.32306  0.718
2454545.29778 -0.524 2454545.29878  0.077 2454545.30343  0.415 2454545.32681  0.714
2454545.30153 -0.518 2454545.30254  0.074 2454545.30718  0.411 2454545.33057  0.713
2454545.30529 -0.531 2454545.30629  0.075 2454545.31094  0.412 2454545.33432  0.704
2454545.30904 -0.526 2454545.31006  0.072 2454545.31469  0.412 2454545.33807  0.707
2454545.31281 -0.528 2454545.31381  0.072 2454545.32222  0.403 2454545.34184  0.705
2454545.32408 -0.533 2454545.32133  0.070 2454545.32597  0.403 2454545.34560  0.711
2454545.32783 -0.536 2454545.32508  0.064 2454545.32973  0.404 2454545.34935  0.705
2454545.33159 -0.544 2454545.32884  0.070 2454545.33348  0.408 2454545.35311  0.702
2454545.33534 -0.545 2454545.33259  0.060 2454545.33723  0.402 2454545.35686  0.704
2454545.33910 -0.547 2454545.33634  0.060 2454545.34099  0.400 2454546.27415  0.720
2454545.34285 -0.545 2454545.34010  0.060 2454545.34475  0.402 2454546.27754  0.719
2454545.34662 -0.548 2454545.34385  0.062 2454545.34850  0.401 2454546.28094  0.714
2454545.35037 -0.550 2454545.34762  0.061 2454545.35225  0.396 2454546.28435  0.726
2454545.35413 -0.555 2454545.35137  0.055 2454545.35601  0.397 2454546.28775  0.729
2454545.35788 -0.551 2454545.35513  0.054 2454546.27335  0.398 2454546.29115  0.721
2454546.27166 -0.541 2454546.27254  0.061 2454546.27674  0.402 2454546.30136  0.732
2454546.27506 -0.540 2454546.27593  0.059 2454546.28014  0.406 2454546.30476  0.725
2454546.27845 -0.544 2454546.27933  0.068 2454546.28355  0.408 2454546.30817  0.734
2454546.28186 -0.535 2454546.28273  0.067 2454546.28695  0.406 2454546.31157  0.739
2454546.28526 -0.540 2454546.28613  0.067 2454546.29035  0.411 2454546.31497  0.729
2454546.28866 -0.537 2454546.28953  0.068 2454546.29716  0.411 2454546.31836  0.733
2454546.29207 -0.535 2454546.29635  0.065 2454546.30056  0.421 2454546.32177  0.736
2454546.29887 -0.524 2454546.29974  0.071 2454546.30397  0.427 2454546.32516  0.739
2454546.30228 -0.531 2454546.30316  0.075 2454546.30737  0.411 2454546.32856  0.741
2454546.30568 -0.522 2454546.30655  0.078 2454546.31076  0.420 2454546.33196  0.744
2454546.30908 -0.523 2454546.30995  0.080 2454546.31417  0.426 2454546.34249  0.751
2454546.31248 -0.521 2454546.31335  0.078 2454546.31757  0.419 2454546.34950  0.755
2454546.31589 -0.522 2454546.31676  0.083 2454546.32097  0.429 2454546.35302  0.767
2454546.31928 -0.525 2454546.32015  0.082 2454546.32436  0.428 2454564.22997  0.691
2454546.32268 -0.525 2454546.32355  0.083 2454546.32776  0.425 2454564.23365  0.680
2454546.32607 -0.519 2454546.32695  0.089 2454546.33115  0.434 2454564.23815  0.693
2454546.32948 -0.517 2454546.33034  0.088 2454546.33464  0.443 2454564.24568  0.693
2454546.33290 -0.516 2454546.33380  0.092 2454546.33815  0.442 2454564.24942  0.692
2454546.33640 -0.516 2454546.33731  0.097 2454546.34166  0.451 2454564.25317  0.684
2454546.33991 -0.508 2454546.34083  0.100 2454546.34517  0.437 2454564.25687  0.689
2454546.34343 -0.516 2454546.34433  0.099 2454546.34868  0.441 2454564.26057  0.684
2454546.34694 -0.511 2454546.34784  0.095 2454546.35220  0.443 2454564.26428  0.690
2454546.35044 -0.510 2454546.35135  0.099 2454546.35572  0.444 2454564.26798  0.695
2454546.35396 -0.513 2454546.35487  0.104 2454564.22516  0.382 2454564.27169  0.694
2454564.22313 -0.562 2454564.22425  0.037 2454564.22911  0.387 2454564.27539  0.691
2454564.22711 -0.557 2454564.22819  0.041 2454564.23281  0.382 2454564.27909  0.697
2454564.23100 -0.560 2454564.23197  0.042 2454564.23729  0.390 2454564.28281  0.702
2454564.23539 -0.560 2454564.23641  0.044 2454564.24107  0.390 2454564.28651  0.700
2454564.23918 -0.553 2454564.24018  0.046 2454564.24483  0.387 2454564.29023  0.702
2454564.24295 -0.555 2454564.24395  0.043 2454564.24858  0.384 2454564.29393  0.712
2454564.24670 -0.553 2454564.24770  0.042 2454564.25233  0.384 2454564.29764  0.705
2454564.25045 -0.559 2454564.25145  0.042 2454564.25604  0.389 2454564.30135  0.707
2454564.25417 -0.553 2454564.25516  0.050 2454564.25974  0.396 2454564.30498  0.710
2454564.25787 -0.557 2454564.25886  0.045 2454564.26344  0.392 2454564.30860  0.711
2454564.26158 -0.555 2454564.26627  0.050 2454564.26715  0.397 2454564.31224  0.719
2454564.26528 -0.550 2454564.26997  0.049 2454564.27085  0.395 2454564.31586  0.716
2454564.26898 -0.546 2454564.27368  0.052 2454564.27456  0.398 2454564.31949  0.721
2454564.27269 -0.549 2454564.27738  0.053 2454564.27826  0.398 2454564.32313  0.722
2454564.27639 -0.542 2454564.28110  0.051 2454564.28198  0.399 2454564.32675  0.724
2454564.28009 -0.546 2454564.28480  0.060 2454564.28568  0.403 2454564.33038  0.722
2454564.28381 -0.545 2454564.28852  0.058 2454564.28940  0.406 2454564.33401  0.729
2454564.28751 -0.548 2454564.29222  0.060 2454564.29310  0.411 2454564.33764  0.738
2454564.29123 -0.547 2454564.29592  0.062 2454564.29680  0.410 2454564.34127  0.745
2454564.29493 -0.539 2454564.29963  0.067 2454564.30052  0.417 2454581.09827  0.705
2454564.29864 -0.540 2454564.30330  0.067 2454564.30416  0.412 2454581.10431  0.709
2454564.30234 -0.544 2454564.30692  0.066 2454564.30778  0.414 2454581.11576  0.708
2454564.30596 -0.536 2454564.31055  0.071 2454564.31142  0.420 2454581.12105  0.715
2454564.30958 -0.534 2454564.31418  0.073 2454564.31504  0.424 2454581.12635  0.713
2454564.31322 -0.533 2454564.31780  0.075 2454564.31866  0.423 2454581.13165  0.724
2454564.31684 -0.529 2454564.32143  0.081 2454564.32230  0.420 2454581.13695  0.734
2454564.32047 -0.523 2454564.32507  0.088 2454564.32593  0.422 2454581.14224  0.757
2454564.32411 -0.528 2454564.32869  0.084 2454564.32955  0.434 2454581.14754  0.766
2454564.32773 -0.526 2454564.33231  0.087 2454564.33319  0.430 2454581.15258  0.780
2454564.33135 -0.522 2454564.33595  0.089 2454564.33682  0.433 2454581.15741  0.788
2454564.33499 -0.519 2454564.33958  0.089 2454564.34045  0.427 2454581.16225  0.800
2454564.33862 -0.515 2454581.10063  0.057 2454581.09930  0.411 2454581.16707  0.826
2454564.34224 -0.516 2454581.10667  0.062 2454581.10534  0.418 2454581.17190  0.844
2454581.10863 -0.497 2454581.11261  0.061 2454581.11139  0.413 2454581.17642  0.869
2454581.11426 -0.496 2454581.11790  0.071 2454581.11672  0.414 2454581.18095  0.888
2454581.11955 -0.499 2454581.12320  0.072 2454581.12202  0.415 2454581.18548  0.903
2454581.12485 -0.499 2454581.12849  0.073 2454581.12731  0.414 2454581.19000  0.926
2454581.13014 -0.501 2454581.13379  0.078 2454581.13261  0.421 2454581.19438  0.954
2454581.13546 -0.481 2454581.13909  0.084 2454581.13791  0.433 2454581.19878  0.976
2454581.14075 -0.479 2454581.14439  0.094 2454581.14321  0.444 2454581.20317  1.000
2454581.14605 -0.481 2454581.14968  0.105 2454581.14850  0.466 2454581.20757  1.007
2454581.15121 -0.466 2454581.15458  0.115 2454581.15349  0.464 2454581.21195  1.027
2454581.15605 -0.457 2454581.15942  0.125 2454581.15833  0.479 2454581.21635  1.010
2454581.16089 -0.454 2454581.16425  0.136 2454581.16316  0.492 2454581.22074  0.998
2454581.16572 -0.447 2454581.16907  0.153 2454581.16799  0.509 2454581.22514  0.990
2454581.17056 -0.438 2454581.17381  0.166 2454581.17278  0.533 2454581.22953  0.968
2454581.17516 -0.429 2454581.17834  0.181 2454581.17731  0.539 2454581.23392  0.936
2454581.17969 -0.418 2454581.18287  0.197 2454581.18184  0.567 2454581.23831  0.917
2454581.18421 -0.417 2454581.18739  0.208 2454581.18636  0.584 2454581.24347  0.913
2454581.18874 -0.401 2454581.19188  0.227 2454581.19087  0.604 2454581.24876  0.874
2454581.19317 -0.395 2454581.19627  0.237 2454581.19527  0.623 2454581.25406  0.857
2454581.19756 -0.382 2454581.20066  0.250 2454581.19965  0.625 2454581.25910  0.836
2454581.20195 -0.374 2454581.20506  0.262 2454581.20405  0.650 2454581.26394  0.834
2454581.20635 -0.364 2454581.20945  0.270 2454581.20844  0.660 2454581.26850  0.810
2454581.21074 -0.363 2454581.21384  0.270 2454581.21284  0.672 2454581.27303  0.794
2454581.21514 -0.360 2454581.21823  0.277 2454581.21722  0.663 2454581.27744  0.774
2454581.21952 -0.361 2454581.22263  0.265 2454581.22162  0.648 2454581.28167  0.759
2454581.22392 -0.370 2454581.22703  0.249 2454581.22601  0.643 2454581.28590  0.749
2454581.22832 -0.378 2454581.23141  0.237 2454581.23041  0.629 2454581.29012  0.733
2454581.23271 -0.389 2454581.23580  0.224 2454581.23479  0.600 2454581.29446  0.738
2454581.23709 -0.394 2454581.24031  0.217 2454581.23918  0.596 2454581.29882  0.716
2454581.24198 -0.408 2454581.24561  0.200 2454581.24443  0.566 2454584.23252  0.718
2454581.24727 -0.418 2454581.25091  0.185 2454581.24973  0.548 2454584.24169  0.711
2454581.25257 -0.429 2454581.25620  0.169 2454581.25502  0.540 2454584.24591  0.709
2454581.25775 -0.444 2454581.26110  0.155 2454581.26002  0.512 2454584.25014  0.706
2454581.26257 -0.443 2454581.26590  0.148 2454581.26485  0.510 2454584.25437  0.696
2454581.26725 -0.455 2454581.27043  0.131 2454581.26939  0.492 2454584.25860  0.682
2454581.27178 -0.460 2454581.27494  0.122 2454581.27392  0.472 2454584.26283  0.698
2454581.27623 -0.475 2454581.27928  0.115 2454581.27829  0.467 2454584.26706  0.694
2454581.28050 -0.472 2454581.28350  0.105 2454581.28253  0.460 2454584.27128  0.689
2454581.28473 -0.484 2454581.28772  0.096 2454581.28675  0.440 2454584.27551  0.686
2454581.28895 -0.499 2454581.29195  0.091 2454581.29096  0.437 2454584.27973  0.683
2454581.29324 -0.500 2454581.29634  0.086 2454581.29533  0.436 2454584.28396  0.689
2454581.30193 -0.500 2454581.30067  0.090 2454581.29968  0.430 2454584.28818  0.687
2454584.23591 -0.549 2454584.23452  0.052 2454584.23343  0.412 2454584.29241  0.681
2454584.24044 -0.548 2454584.23909  0.058 2454584.23806  0.401 2454584.29664  0.688
2454584.24474 -0.552 2454584.24351  0.050 2454584.24254  0.401 2454584.30061  0.678
2454584.24897 -0.558 2454584.24774  0.049 2454584.24677  0.390 2454584.30454  0.681
2454584.25320 -0.559 2454584.25198  0.044 2454584.25100  0.393 2454584.30847  0.683
2454584.25743 -0.564 2454584.25620  0.042 2454584.25523  0.390 2454584.31239  0.683
2454584.26166 -0.564 2454584.26044  0.045 2454584.25945  0.387 2454584.31633  0.689
2454584.26589 -0.565 2454584.26466  0.044 2454584.26369  0.383 2454584.32027  0.697
2454584.27011 -0.565 2454584.26889  0.036 2454584.26791  0.385 2454584.32448  0.685
2454584.27434 -0.568 2454584.27311  0.032 2454584.27214  0.380 2454586.26426  0.692
2454584.27856 -0.570 2454584.27734  0.038 2454584.27636  0.379 2454586.26884  0.695
2454584.28279 -0.570 2454584.28156  0.033 2454584.28059  0.379 2454586.27318  0.689
2454584.28701 -0.571 2454584.28578  0.037 2454584.28481  0.382 2454586.27725  0.695
2454584.29124 -0.575 2454584.29425  0.039 2454584.28904  0.380 2454586.28131  0.694
2454584.29547 -0.573 2454584.29843  0.036 2454584.29750  0.372 2454586.28538  0.692
2454584.29954 -0.570 2454584.30235  0.033 2454584.30144  0.379 2454586.28944  0.682
2454584.30346 -0.572 2454584.30628  0.034 2454584.30536  0.379 2454586.29757  0.691
2454584.30738 -0.572 2454584.31021  0.036 2454584.30930  0.376 2454586.30164  0.684
2454584.31132 -0.572 2454584.31414  0.033 2454584.31322  0.381 2454586.30564  0.678
2454584.31524 -0.571 2454584.31807  0.035 2454584.31716  0.378 2454586.30965  0.690
2454584.31918 -0.564 2454584.32209  0.041 2454584.32112  0.372 2454586.31365  0.679
2454584.32332 -0.563 2454584.32622  0.034 2454584.32531  0.385 2454587.25734  0.748
2454584.32733 -0.558 2454586.26231  0.043 2454586.26334  0.389 2454587.30434  1.086
2454586.26555 -0.552 2454586.26690  0.049 2454586.26793  0.390 2454587.32097  1.369
2454586.27007 -0.548 2454586.27135  0.048 2454586.27232  0.395 2454588.11736  1.039
2454586.27432 -0.556 2454586.27547  0.060 2454586.28046  0.394 2454588.12629  1.164
2454586.27840 -0.542 2454586.27954  0.059 2454586.28452  0.385 2454588.13077  1.231
2454586.28246 -0.549 2454586.28360  0.055 2454586.28858  0.389 2454588.13524  1.305
2454586.28652 -0.551 2454586.28767  0.047 2454586.29264  0.392 2454588.13970  1.407
2454586.29058 -0.553 2454586.29173  0.050 2454586.29672  0.390 2454588.14412  1.511
2454586.29465 -0.556 2454586.29580  0.043 2454586.30078  0.393 2454588.14855  1.619
2454586.29872 -0.562 2454586.29987  0.050 2454586.30479  0.389 2454588.15289  1.740
2454586.30275 -0.560 2454586.30387  0.050 2454586.30879  0.387 2454588.15722  1.873
2454586.30676 -0.554 2454586.30788  0.047 2454586.31280  0.385 2454588.16154  1.999
2454586.31076 -0.550 2454586.31188  0.045 2454587.25602  0.427 2454588.16587  2.123
2454587.25293 -0.498 2454587.25459  0.088 2454587.29741  0.712 2454588.17020  2.119
2454587.25907 -0.493 2454587.28963  0.279 2454587.30325  0.772 2454588.17472  2.010
2454587.28796 -0.321 2454587.29609  0.352 2454587.31994  1.101 2454588.17925  1.856
2454587.29434 -0.263 2454587.30195  0.434 2454588.11651  0.728 2454588.18378  1.733
2454587.30019 -0.175 2454587.30768  0.547 2454588.12089  0.784 2454588.18830  1.601
2454587.30592 -0.071 2454588.11554  0.386 2454588.12541  0.858 2454588.19276  1.489
2454587.31166  0.045 2454588.11986  0.456 2454588.12989  0.943 2454588.19709  1.377
2454587.31717  0.173 2454588.12441  0.523 2454588.13437  1.024 2454588.20859  1.170
2454588.11427 -0.212 2454588.12889  0.619 2454588.13883  1.149 2454588.21287  1.100
2454588.11857 -0.146 2454588.13337  0.713 2454588.14325  1.248 2454588.21709  1.055
2454588.12307 -0.075 2454588.13783  0.807 2454588.14767  1.385 2454588.22119  0.996
2454588.12755  0.013 2454588.14226  0.931 2454588.15204  1.525 2454588.22938  0.919
2454588.13203  0.115 2454588.14668  1.081 2454588.15637  1.680 2454588.23348  0.883
2454588.13649  0.228 2454588.15109  1.242 2454588.16503  1.959 2454588.23750  0.841
2454588.14095  0.368 2454588.15543  1.414 2454588.16936  1.991 2454588.24150  0.803
2454588.14537  0.514 2454588.15976  1.592 2454588.17384  1.880 2454588.24549  0.793
2454588.14980  0.689 2454588.16408  1.778 2454588.17838  1.706 2454588.24942  0.779
2454588.15414  0.883 2454588.16841  1.828 2454588.18290  1.546 2454588.25333  0.777
2454588.15847  1.106 2454588.17287  1.726 2454588.18743  1.403 2454588.25724  0.758
2454588.16279  1.339 2454588.18193  1.353 2454588.19192  1.270 2454588.26107  0.749
2454588.16712  1.480 2454588.18646  1.181 2454588.19624  1.160 2454588.26479  0.758
2454588.17151  1.399 2454588.19097  1.023 2454588.20058  1.052 2454588.26849  0.765
2454588.17605  1.170 2454588.19533  0.889 2454588.20775  0.911 2454588.27221  0.750
2454588.18057  0.939 2454588.19967  0.767 2454588.21202  0.854 2454588.27591  0.743
2454588.18510  0.733 2454588.21111  0.533 2454588.21625  0.777 2454588.27962  0.746
2454588.18962  0.552 2454588.21532  0.457 2454588.22034  0.715 2454588.28333  0.750
2454588.19404  0.390 2454588.21943  0.399 2454588.22444  0.671 2454588.28703  0.741
2454588.19837  0.257 2454588.22353  0.343 2454588.22854  0.622 2454588.29075  0.735
2454588.20554  0.078 2454588.22762  0.295 2454588.23263  0.579 2454588.29447  0.753
2454588.20984 -0.017 2454588.23172  0.254 2454588.23666  0.547 2454588.29817  0.733
2454588.21409 -0.101 2454588.23575  0.215 2454588.24066  0.526 2454588.30559  0.732
2454588.21825 -0.175 2454588.23976  0.187 2454588.24467  0.493 2454588.30929  0.726
2454588.22235 -0.241 2454588.24377  0.159 2454588.24860  0.478 2454588.31301  0.737
2454588.22645 -0.295 2454588.24770  0.139 2454588.25251  0.480 2454588.31672  0.726
2454588.23055 -0.346 2454588.25162  0.132 2454588.25642  0.450 2454589.28617  0.715
2454588.23461 -0.379 2454588.25553  0.119 2454588.26024  0.460 2454589.29043  0.712
2454588.23863 -0.408 2454588.25937  0.116 2454588.26397  0.454 2454589.29451  0.706
2454588.24264 -0.443 2454588.26308  0.117 2454588.26767  0.447 2454589.29833  0.718
2454588.24659 -0.464 2454588.26680  0.111 2454588.27139  0.449 2454589.30216  0.710
2454588.25051 -0.477 2454588.27050  0.104 2454588.27509  0.448 2454589.30598  0.716
2454588.25442 -0.476 2454588.27422  0.105 2454588.27879  0.442 2454589.30980  0.723
2454588.25831 -0.491 2454588.27792  0.101 2454588.28251  0.443 2454589.31386  0.718
2454588.26580 -0.503 2454588.28162  0.096 2454588.28621  0.445 2454589.31796  0.719
2454588.26950 -0.501 2454588.28534  0.104 2454588.28992  0.431 2454592.10682  0.720
2454588.27321 -0.505 2454588.28904  0.094 2454588.29364  0.440 2454592.11179  0.717
2454588.27692 -0.500 2454588.29647  0.091 2454588.29735  0.434 2454592.11675  0.726
2454588.28062 -0.506 2454588.30018  0.092 2454588.30105  0.425 2454592.12171  0.725
2454588.28434 -0.505 2454588.30389  0.091 2454588.30477  0.433 2454592.12643  0.723
2454588.28804 -0.504 2454588.30760  0.082 2454588.30847  0.428 2454592.13617  0.734
2454588.29176 -0.514 2454588.31131  0.077 2454588.31219  0.420 2454592.14089  0.739
2454588.29547 -0.510 2454588.31502  0.079 2454588.31589  0.430 2454592.14560  0.743
2454588.29918 -0.514 2454589.29223  0.066 2454589.29128  0.407 2454592.15031  0.735
2454588.30289 -0.513 2454589.29620  0.072 2454589.29534  0.399 2454592.15501  0.732
2454588.30660 -0.516 2454589.30002  0.073 2454589.29916  0.408 2454592.15965  0.756
2454588.31030 -0.515 2454589.30385  0.068 2454589.30299  0.415 2454592.16421  0.737
2454588.31401 -0.525 2454589.30767  0.064 2454589.30681  0.409 2454592.16873  0.737
2454589.28931 -0.526 2454589.31157  0.072 2454589.31063  0.414 2454592.17326  0.754
2454589.29340 -0.531 2454589.31567  0.080 2454589.31472  0.419 2454592.17778  0.770
2454589.29726 -0.522 2454589.31975  0.087 2454589.31880  0.430 2454592.18230  0.790
2454589.30108 -0.523 2454592.10470  0.073 2454592.10585  0.412 2454592.18682  0.816
2454589.30491 -0.520 2454592.10969  0.069 2454592.11084  0.407 2454592.19135  0.853
2454589.30873 -0.527 2454592.11465  0.070 2454592.11579  0.413 2454592.19587  0.885
2454589.31274 -0.508 2454592.11961  0.071 2454592.12076  0.410 2454592.20040  0.926
2454589.31683 -0.518 2454592.12439  0.079 2454592.12548  0.417 2454592.20493  0.972
2454589.32092 -0.519 2454592.12911  0.080 2454592.13020  0.422 2454592.20945  1.039
2454592.10321 -0.517 2454592.13411  0.078 2454592.13521  0.423 2454592.21398  1.101
2454592.10820 -0.516 2454592.13885  0.086 2454592.13994  0.431 2454592.21850  1.169
2454592.11316 -0.527 2454592.14356  0.081 2454592.14465  0.425 2454592.22302  1.246
2454592.11812 -0.518 2454592.14828  0.089 2454592.14937  0.430 2454592.22754  1.322
2454592.12301 -0.519 2454592.15298  0.090 2454592.15407  0.441 2454592.23227  1.443
2454592.12774 -0.514 2454592.15765  0.094 2454592.15871  0.442 2454592.23703  1.558
2454592.13274 -0.512 2454592.16229  0.096 2454592.16332  0.441 2454592.24180  1.681
2454592.13747 -0.511 2454592.16682  0.097 2454592.16785  0.438 2454592.24656  1.836
2454592.14219 -0.511 2454592.17134  0.102 2454592.17237  0.453 2454592.25132  1.996
2454592.14691 -0.500 2454592.17587  0.121 2454592.17690  0.460 2454592.25608  2.111
2454592.15161 -0.499 2454592.18038  0.140 2454592.18141  0.490 2454592.26084  2.108
2454592.16094 -0.506 2454592.18491  0.164 2454592.18594  0.507 2454592.26559  1.976
2454592.16547 -0.500 2454592.18943  0.196 2454592.19046  0.546 2454592.27036  1.814
2454592.16999 -0.496 2454592.19396  0.235 2454592.19499  0.580 2454592.27513  1.687
2454592.17452 -0.485 2454592.19848  0.282 2454592.19951  0.630 2454592.27989  1.554
2454592.17905 -0.471 2454592.20301  0.335 2454592.20403  0.670 2454592.28464  1.440
2454592.18357 -0.445 2454592.20754  0.397 2454592.20857  0.739 2454592.28941  1.341
2454592.18809 -0.417 2454592.21206  0.464 2454592.21309  0.808 2454592.29419  1.249
2454592.19261 -0.380 2454592.21659  0.547 2454592.21762  0.880 2454592.29895  1.171
2454592.19714 -0.333 2454592.22111  0.634 2454592.22213  0.969 2454592.30371  1.103
2454592.20166 -0.279 2454592.22563  0.736 2454592.22666  1.061 2454592.30847  1.040
2454592.20619 -0.221 2454592.23024  0.852 2454592.23133  1.178 2454592.31314  0.974
2454592.21071 -0.145 2454592.23500  0.996 2454592.23608  1.307 2454602.10551  1.347
2454592.21524 -0.061 2454592.23977  1.157 2454592.24085  1.450 2454602.11465  1.185
2454592.21976  0.035 2454592.24452  1.341 2454592.24562  1.613 2454602.11917  1.128
2454592.22429  0.143 2454592.24929  1.544 2454592.25038  1.791 2454602.12370  1.058
2454592.22883  0.262 2454592.25405  1.745 2454592.25514  1.958 2454602.12825  0.994
2454592.23360  0.416 2454592.25880  1.833 2454592.25989  1.983 2454602.13280  0.959
2454592.23836  0.590 2454592.26833  1.493 2454592.26465  1.843 2454602.13724  0.907
2454592.24312  0.790 2454592.27310  1.300 2454592.26942  1.671 2454602.14168  0.871
2454592.24788  1.025 2454592.27786  1.125 2454592.27419  1.500 2454602.14612  0.837
2454592.25265  1.289 2454592.28261  0.964 2454592.27894  1.354 2454602.15044  0.814
2454592.25741  1.459 2454592.28738  0.833 2454592.28370  1.217 2454602.15472  0.798
2454592.26217  1.363 2454592.29215  0.714 2454592.28847  1.103 2454602.16303  0.762
2454592.26692  1.119 2454592.29692  0.607 2454592.29325  0.997 2454602.16718  0.758
2454592.27169  0.878 2454592.30168  0.521 2454592.29801  0.907 2454602.17179  0.752
2454592.27646  0.668 2454592.30643  0.442 2454592.30276  0.825 2454602.17594  0.745
2454592.28122  0.480 2454592.31119  0.370 2454592.30752  0.756 2454602.18664  0.753
2454592.28598  0.318 2454602.10356  0.865 2454592.31225  0.693 2454602.19079  0.742
2454592.29074  0.187 2454602.10813  0.749 2454602.10462  1.140 2454602.19495  0.740
2454592.29551  0.070 2454602.11279  0.646 2454602.10916  1.032 2454602.19912  0.742
2454592.30027 -0.035 2454602.11735  0.551 2454602.11380  0.919 2454602.20327  0.720
2454592.30503 -0.124 2454602.12186  0.470 2454602.11832  0.841 2454602.20741  0.737
2454592.30978 -0.213 2454602.12640  0.399 2454602.12284  0.769 2454602.21155  0.726
2454602.10219  0.375 2454602.13095  0.336 2454602.12738  0.716 2454602.21568  0.719
2454602.10677  0.235 2454602.13539  0.288 2454602.13193  0.661 2454602.21973  0.718
2454602.11139  0.113 2454602.13981  0.247 2454602.13638  0.614 2454602.22379  0.718
2454602.11596  0.011 2454602.14426  0.206 2454602.14081  0.573 2454602.22781  0.724
2454602.12049 -0.081 2454602.15289  0.147 2454602.14525  0.532 2454602.23183  0.713
2454602.12502 -0.160 2454602.15704  0.125 2454602.14957  0.510 2454602.23575  0.705
2454602.12957 -0.230 2454602.16120  0.113 2454602.15385  0.488 2454602.23969  0.711
2454602.13406 -0.285 2454602.16535  0.111 2454602.15801  0.469 2454602.24361  0.701
2454602.13851 -0.338 2454602.16996  0.100 2454602.16216  0.459 2454602.24754  0.694
2454602.14294 -0.379 2454602.17827  0.098 2454602.16632  0.451 2454602.25147  0.699
2454602.14733 -0.417 2454602.18481  0.099 2454602.17093  0.442 2454602.25540  0.700
2454602.15164 -0.449 2454602.18896  0.093 2454602.17508  0.440 2454602.25938  0.688
2454602.15586 -0.467 2454602.19312  0.091 2454602.17924  0.440 2454602.26336  0.695
2454602.16001 -0.478 2454602.19729  0.085 2454602.18578  0.441 2454602.26736  0.690
2454602.17293 -0.492 2454602.20144  0.087 2454602.18993  0.440 2454602.27135  0.678
2454602.17708 -0.494 2454602.20559  0.077 2454602.19409  0.437 2454602.27533  0.687
2454602.18362 -0.502 2454602.20973  0.077 2454602.19825  0.435 2454602.27931  0.682
2454602.18778 -0.509 2454602.21386  0.076 2454602.20241  0.434 2454602.28329  0.688
2454602.19195 -0.505 2454602.21792  0.070 2454602.20655  0.427 2454602.29184  0.684
2454602.19610 -0.509 2454602.22198  0.066 2454602.21068  0.420 2454602.29584  0.679
2454602.20026 -0.505 2454602.22603  0.069 2454602.21482  0.419 2454602.29982  0.688
2454602.20442 -0.516 2454602.23005  0.067 2454602.21887  0.417 2454602.30380  0.691
2454602.20855 -0.512 2454602.23400  0.060 2454602.22293  0.414 2454602.30778  0.682
2454602.21269 -0.533 2454602.23793  0.057 2454602.22697  0.405 2454602.31177  0.680
2454602.21679 -0.525 2454602.24185  0.055 2454602.23099  0.410 2454603.01601  0.739
2454602.22084 -0.528 2454602.24578  0.052 2454602.23491  0.401 2454603.02279  0.741
2454602.22490 -0.533 2454602.24971  0.051 2454602.23884  0.399 2454603.02958  0.734
2454602.22892 -0.528 2454602.25364  0.050 2454602.24277  0.392 2454603.05023  0.722
2454602.23291 -0.526 2454602.25762  0.051 2454602.24669  0.400 2454603.05705  0.723
2454602.23684 -0.537 2454602.26160  0.048 2454602.25063  0.391 2454603.06410  0.713
2454602.24077 -0.537 2454602.26559  0.048 2454602.25455  0.390 2454603.07115  0.717
2454602.24469 -0.536 2454602.26957  0.034 2454602.25853  0.391 2454603.07785  0.711
2454602.24863 -0.538 2454602.27357  0.034 2454602.26251  0.388 2454603.08406  0.696
2454602.25255 -0.542 2454602.27755  0.037 2454602.26651  0.385 2454603.08991  0.694
2454602.25650 -0.541 2454602.28153  0.040 2454602.27050  0.376 2454603.09576  0.707
2454602.26048 -0.542 2454602.28551  0.041 2454602.27448  0.376 2454603.10121  0.693
2454602.26448 -0.545 2454602.29008  0.044 2454602.27846  0.385 2454603.10680  0.688
2454602.26847 -0.556 2454602.29407  0.042 2454602.28245  0.382 2454603.11227  0.690
2454602.27245 -0.556 2454602.29806  0.042 2454602.29100  0.383 2454603.11769  0.690
2454602.27643 -0.557 2454602.30204  0.037 2454602.29499  0.375 2454603.12294  0.689
2454602.28041 -0.554 2454602.30602  0.032 2454602.29897  0.386 2454603.12818  0.683
2454602.28440 -0.537 2454602.31000  0.039 2454602.30296  0.384 2454603.13342  0.690
2454602.28897 -0.546 2454603.01859  0.096 2454602.30694  0.383 2454603.13866  0.684
2454602.29296 -0.552 2454603.02537  0.091 2454602.31093  0.380 2454603.14967  0.693
2454602.29694 -0.551 2454603.03215  0.088 2454603.01712  0.445 2454603.15442  0.682
2454602.30092 -0.553 2454603.03895  0.081 2454603.02390  0.435 2454603.15915  0.687
2454602.30491 -0.552 2454603.04581  0.080 2454603.03068  0.435 2454603.16387  0.687
2454602.30889 -0.549 2454603.05263  0.078 2454603.03748  0.432 2454603.16861  0.683
2454603.03441 -0.483 2454603.05946  0.072 2454603.04444  0.425 2454603.17334  0.694
2454603.04134 -0.497 2454603.06650  0.064 2454603.05126  0.424 2454603.17808  0.696
2454603.04816 -0.499 2454603.07350  0.070 2454603.05809  0.422 2454603.18281  0.696
2454603.05498 -0.503 2454603.08006  0.059 2454603.06513  0.414 2454603.18755  0.704
2454603.06191 -0.513 2454603.08620  0.059 2454603.07218  0.404 2454603.19229  0.714
2454603.07580 -0.508 2454603.09204  0.052 2454603.07882  0.408 2454603.19702  0.714
2454603.08218 -0.517 2454603.09789  0.058 2454603.08502  0.405 2454603.20176  0.706
2454603.09399 -0.524 2454603.10325  0.053 2454603.09086  0.393 2454603.20649  0.710
2454603.09965 -0.537 2454603.10887  0.052 2454603.09671  0.400 2454603.21122  0.709
2454603.10511 -0.542 2454603.11430  0.047 2454603.10211  0.380 2454603.21596  0.712
2454603.11065 -0.518 2454603.11969  0.045 2454603.10774  0.384 2454603.22069  0.719
2454603.11608 -0.510 2454603.12493  0.043 2454603.11318  0.394 2454603.22543  0.727
2454603.12137 -0.512 2454603.13017  0.044 2454603.11861  0.392 2454603.23016  0.739
2454603.12662 -0.536 2454603.13541  0.047 2454603.12384  0.384 2454603.23489  0.752
2454603.13186 -0.525 2454603.14059  0.047 2454603.12908  0.387 2454603.23963  0.769
2454603.13710 -0.535 2454603.15158  0.047 2454603.13956  0.389 2454603.24436  0.788
2454603.14210 -0.546 2454603.15632  0.049 2454603.15056  0.396 2454603.24907  0.796
2454603.15305 -0.549 2454603.16105  0.048 2454603.15529  0.393 2454603.25370  0.813
2454603.15778 -0.541 2454603.16578  0.049 2454603.16003  0.388 2454603.25833  0.828
2454603.16251 -0.544 2454603.17051  0.052 2454603.16475  0.390 2454603.26296  0.853
2454603.16724 -0.543 2454603.17524  0.051 2454603.16948  0.390 2454603.26759  0.882
2454603.17197 -0.552 2454603.17997  0.053 2454603.17422  0.395 2454603.27223  0.894
2454603.17670 -0.547 2454603.18472  0.058 2454603.17895  0.406 2454603.27686  0.913
2454603.18145 -0.548 2454603.18945  0.057 2454603.18369  0.396 2454603.28149  0.939
2454603.18618 -0.546 2454603.19420  0.055 2454603.18843  0.401 2454603.28613  0.971
2454603.19092 -0.523 2454603.19893  0.065 2454603.19316  0.403 2454603.29076  0.969
2454603.19565 -0.531 2454603.20365  0.064 2454603.19791  0.412 2454603.29967  1.018
2454603.20040 -0.531 2454603.20839  0.063 2454603.20263  0.407 2454603.30365  1.014
2454603.20512 -0.528 2454603.21313  0.069 2454603.20736  0.413 2454603.30786  1.004
2454603.20985 -0.543 2454603.21786  0.072 2454603.21211  0.416 2454604.09254  0.918
2454603.21460 -0.536 2454603.22259  0.076 2454603.21683  0.415 2454604.09918  0.949
2454603.21932 -0.537 2454603.22732  0.078 2454603.22157  0.422 2454604.10542  0.979
2454603.22405 -0.511 2454603.23206  0.089 2454603.22630  0.431 2454604.11166  1.002
2454603.22879 -0.528 2454603.23679  0.099 2454603.23103  0.439 2454604.11787  1.024
2454603.23352 -0.514 2454603.24154  0.111 2454603.23577  0.448 2454604.12372  1.030
2454603.23826 -0.500 2454603.24626  0.115 2454603.24050  0.462 2454604.12913  1.010
2454603.24300 -0.494 2454603.25091  0.135 2454603.24524  0.469 2454604.13417  0.988
2454603.24771 -0.445 2454603.26017  0.157 2454603.24992  0.484 2454604.13881  0.963
2454603.25234 -0.468 2454603.26481  0.173 2454603.25455  0.504 2454604.14344  0.945
2454603.25697 -0.449 2454603.26944  0.177 2454603.25918  0.508 2454604.14806  0.917
2454603.26160 -0.444 2454603.27407  0.197 2454603.26381  0.538 2454604.15250  0.898
2454603.26624 -0.416 2454603.27870  0.211 2454603.26845  0.549 2454604.15693  0.879
2454603.27087 -0.441 2454603.28334  0.229 2454603.27308  0.569 2454604.16136  0.863
2454603.27550 -0.420 2454603.28799  0.240 2454603.27771  0.581 2454604.16562  0.840
2454603.28013 -0.391 2454603.29262  0.237 2454603.28235  0.604 2454604.16984  0.824
2454603.28477 -0.395 2454603.29720  0.255 2454603.28700  0.615 2454604.17405  0.801
2454603.29845 -0.357 2454603.30135  0.266 2454603.29626  0.651 2454604.17846  0.794
2454604.09713 -0.389 2454603.30539  0.268 2454603.30048  0.654 2454604.18308  0.770
2454604.10351 -0.374 2454603.30962  0.266 2454603.30447  0.654 2454604.18770  0.764
2454604.10975 -0.370 2454604.09484  0.224 2454603.30869  0.650 2454604.19233  0.749
2454604.11599 -0.351 2454604.10139  0.248 2454604.09354  0.584 2454604.19696  0.737
2454604.12196 -0.358 2454604.10763  0.257 2454604.10015  0.612 2454604.20178  0.738
2454604.12753 -0.364 2454604.11387  0.274 2454604.10639  0.633 2454604.20648  0.732
2454604.13268 -0.369 2454604.12001  0.282 2454604.11263  0.654 2454604.21132  0.738
2454604.13746 -0.377 2454604.12575  0.286 2454604.11883  0.675 2454604.21606  0.733
2454604.14209 -0.391 2454604.13107  0.271 2454604.12463  0.675 2454604.22073  0.718
2454604.14672 -0.410 2454604.13603  0.251 2454604.13002  0.651 2454604.22540  0.714
2454604.15121 -0.413 2454604.14066  0.245 2454604.13504  0.638 2454604.23008  0.710
2454604.15565 -0.417 2454604.14529  0.226 2454604.13967  0.618 2454604.23476  0.710
2454604.16008 -0.434 2454604.14987  0.216 2454604.14430  0.614 2454604.24411  0.715
2454604.16440 -0.446 2454604.15430  0.206 2454604.14891  0.588 2454604.24880  0.714
2454604.16863 -0.450 2454604.15874  0.193 2454604.15334  0.573 2454604.25404  0.703
2454604.17285 -0.451 2454604.16315  0.181 2454604.15778  0.557 2454604.25928  0.702
2454604.17717 -0.462 2454604.16737  0.164 2454604.16221  0.537 2454604.26451  0.695
2454604.18173 -0.473 2454604.17159  0.157 2454604.16644  0.519 2454604.26976  0.701
2454604.18636 -0.485 2454604.17583  0.147 2454604.17067  0.506 2454604.27519  0.707
2454604.19099 -0.490 2454604.18030  0.136 2454604.17488  0.494 2454604.28063  0.701
2454604.19562 -0.497 2454604.18493  0.127 2454604.17932  0.482                     
2454604.20036 -0.497 2454604.18956  0.113 2454604.18394  0.461                     
2454604.20991 -0.510 2454604.19418  0.106 2454604.18856  0.464                     
2454604.21469 -0.509 2454604.19884  0.100 2454604.19319  0.452                     
2454604.21937 -0.505 2454604.20839  0.089 2454604.19783  0.442                     
2454604.22403 -0.513 2454604.21323  0.090 2454604.20265  0.438                     
2454604.22871 -0.513 2454604.21793  0.090 2454604.20737  0.433                     
2454604.23338 -0.514 2454604.22260  0.084 2454604.21220  0.427                     
2454604.23807 -0.508 2454604.22727  0.079 2454604.21694  0.419                     
2454604.24274 -0.509 2454604.23195  0.079 2454604.22160  0.427                     
2454604.24741 -0.515 2454604.23664  0.078 2454604.22628  0.424                     
2454604.25248 -0.522 2454604.24130  0.071 2454604.23095  0.418                     
2454604.25772 -0.524 2454604.24598  0.069 2454604.23563  0.424                     
2454604.26295 -0.518 2454604.25079  0.072 2454604.24031  0.414                     
2454604.26819 -0.526 2454604.25603  0.067 2454604.24498  0.407                     
2454604.27356 -0.526 2454604.26127  0.071 2454604.24970  0.413                     
2454604.27900 -0.520 2454604.26652  0.066 2454604.25494  0.414                     
2454604.28444 -0.528 2454604.27178  0.060 2454604.26019  0.410                     
                     2454604.27722  0.065 2454604.26542  0.401                     
                     2454604.28266  0.060 2454604.27067  0.404                     
                                          2454604.27611  0.400                     
                                          2454604.28155  0.400                     